1)
1
2
3
4
5

2)

5
4
3
2
1

3)
1
3
5
7
9
4)
9
7
5
3
1
5)
print even numbers upto 10
6)
print odd numbers upto 11
7)
print 1 to100
8)
print 100 to 1
9)
1 2 3 4 5
1 2 3 4 5
1 2 3 4 5
1 2 3 4 5
1 2 3 4 5
10)
i)
1
1 2
1 2 3 
1 2 3 4 
1 2 3 4 5
ii)
1 2 3 4 5
1 2 3 4 
1 2 3  
1 2 
1

11)
5
5 4
5 4 3
5 4 3 2
5 4 3 2 1
12)
5 4 3 2 1
5 4 3 2
5 4 3
5 4
5

13)
1
1 *
1 * 3
1 * 3 *
1 * 3 * 5
14)
1
* *
3 3 3
* * * *
5 5 5 5 5
15)


